1.031414634623641291e+01
1.062821518156256673e+01
1.094212901419285267e+01
1.125581039058626764e+01
1.156918191455689815e+01
1.188216626637028561e+01
1.219468622182090556e+01
1.250666467128608517e+01
1.281802463875165365e+01
1.312868930080461638e+01
1.343858200558819149e+01
1.374762629171449291e+01
1.405574590713024996e+01
1.436286482793085106e+01
1.466890727711810705e+01
1.497379774329709612e+01
1.527746099930745771e+01
1.557982212078458595e+01
1.588080650464607935e+01
1.618033988749894903e+01
1.647834836396298641e+01
1.677475840490582826e+01
1.706949687558514128e+01
1.736249105369356016e+01
1.765366864730179586e+01
1.794295781269561019e+01
1.823028717210217309e+01
1.851558583130145408e+01
1.879878339711830293e+01
1.907980999479093498e+01
1.935859628521146902e+01
1.963507348203430780e+01
1.990917336864815113e+01
2.018082831500742458e+01
2.044997129431897775e+01
2.071653589957993091e+01
2.098045635996263769e+01
2.124166755704261078e+01
2.150010504086557006e+01
2.175570504584946363e+01
2.200840450651767810e+01
2.225814107305953016e+01
2.250485312671410298e+01
2.274847979497379313e+01
2.298896096660367405e+01
2.322623730647303830e+01
2.346025027019546627e+01
2.369094211857377275e+01
2.391825593184628573e+01
2.414213562373095101e+01
2.436252595526377718e+01
2.457937254842823194e+01
2.479262189957219320e+01
2.500222139260919008e+01
2.520811931200061906e+01
2.541026485551578418e+01
2.560860814676659203e+01
2.580310024751380737e+01
2.599369316974181032e+01
2.618033988749894547e+01
2.636299434850046808e+01
2.654161148549123794e+01
2.671614722736540415e+01
2.688655851004030239e+01
2.705280328708184356e+01
2.721484054007887465e+01
2.737263028876382620e+01
2.752613360087727301e+01
2.767531260177386798e+01
2.782013048376735753e+01
2.796055151521231252e+01
2.809654104932039331e+01
2.822806553270890362e+01
2.835509251367962236e+01
2.847759065022573566e+01
2.859552971776502517e+01
2.870888061659734447e+01
2.881761537908450777e+01
2.892170717655090684e+01
2.902113032590306929e+01
2.911586029596660197e+01
2.920587371353886041e+01
2.929114836915596243e+01
2.937166322257262152e+01
2.944739840795353203e+01
2.951833523877494514e+01
2.958445621243531320e+01
2.964574501457377309e+01
2.970218652309548091e+01
2.975376681190275718e+01
2.980047315433115074e+01
2.984229402628955441e+01
2.987921910910359458e+01
2.991123929206160170e+01
2.993834667466255794e+01
2.996053456856543207e+01
2.997779749923940074e+01
2.999013120731463289e+01
2.999753264963321087e+01
3.000000000000000000e+01
2.999753264963321087e+01
2.999013120731463289e+01
2.997779749923940074e+01
2.996053456856543207e+01
2.993834667466255794e+01
2.991123929206160170e+01
2.987921910910359458e+01
2.984229402628955796e+01
2.980047315433115429e+01
2.975376681190275718e+01
2.970218652309547736e+01
2.964574501457377309e+01
2.958445621243531676e+01
2.951833523877494869e+01
2.944739840795353203e+01
2.937166322257262152e+01
2.929114836915596243e+01
2.920587371353886041e+01
2.911586029596660552e+01
2.902113032590307284e+01
2.892170717655090684e+01
2.881761537908450777e+01
2.870888061659734802e+01
2.859552971776502872e+01
2.847759065022573566e+01
2.835509251367962236e+01
2.822806553270890717e+01
2.809654104932038976e+01
2.796055151521231252e+01
2.782013048376735753e+01
2.767531260177386798e+01
2.752613360087726946e+01
2.737263028876382265e+01
2.721484054007887465e+01
2.705280328708184712e+01
2.688655851004029884e+01
2.671614722736540415e+01
2.654161148549123439e+01
2.636299434850046808e+01
2.618033988749894903e+01
2.599369316974181032e+01
2.580310024751380382e+01
2.560860814676659203e+01
2.541026485551578418e+01
2.520811931200061906e+01
2.500222139260919363e+01
2.479262189957218965e+01
2.457937254842822838e+01
2.436252595526377718e+01
2.414213562373095101e+01
2.391825593184628929e+01
2.369094211857377630e+01
2.346025027019546627e+01
2.322623730647303830e+01
2.298896096660367760e+01
2.274847979497379669e+01
2.250485312671411009e+01
2.225814107305952660e+01
2.200840450651767810e+01
2.175570504584946718e+01
2.150010504086557361e+01
2.124166755704261789e+01
2.098045635996264124e+01
2.071653589957993802e+01
2.044997129431898486e+01
2.018082831500742103e+01
1.990917336864814757e+01
1.963507348203430425e+01
1.935859628521146902e+01
1.907980999479093498e+01
1.879878339711830648e+01
1.851558583130145763e+01
1.823028717210218019e+01
1.794295781269562085e+01
1.765366864730180652e+01
1.736249105369356371e+01
1.706949687558513773e+01
1.677475840490582470e+01
1.647834836396298996e+01
1.618033988749894903e+01
1.588080650464608290e+01
1.557982212078459128e+01
1.527746099930746482e+01
1.497379774329710500e+01
1.466890727711811060e+01
1.436286482793085639e+01
1.405574590713024641e+01
1.374762629171449113e+01
1.343858200558819149e+01
1.312868930080461993e+01
1.281802463875165721e+01
1.250666467128609050e+01
1.219468622182091266e+01
1.188216626637028739e+01
1.156918191455690170e+01
1.125581039058627120e+01
1.094212901419285977e+01
1.062821518156256495e+01
1.031414634623641469e+01
1.000000000000000178e+01
1.413658558063860760e+00
2.826968317031546274e+00
4.239580563867839658e+00
5.651146757638203511e+00
7.061318615506045226e+00
8.469748198666287919e+00
9.876087998194075013e+00
1.127999102078738325e+01
1.268111087438244056e+01
1.407910185362077904e+01
1.547361902514685639e+01
1.686431831271521276e+01
1.825085658208612571e+01
1.963289172568882890e+01
2.101008274703148260e+01
2.238208984483692987e+01
2.374857449688356326e+01
2.510919954353063588e+01
2.646362927090735440e+01
2.781152949374526528e+01
2.915256763783344596e+01
3.048641282207622183e+01
3.181273594013313755e+01
3.313120974162101362e+01
3.444150891285808314e+01
3.574331015713025295e+01
3.703629227445978955e+01
3.832013624085654158e+01
3.959452528703236140e+01
4.085914497655920741e+01
4.211368328345159995e+01
4.335783066915438155e+01
4.459128015891668184e+01
4.581372741753342126e+01
4.702487082443538924e+01
4.822441154810969977e+01
4.941205361983185895e+01
5.058750400669175207e+01
5.175047268389506883e+01
5.290067270632258101e+01
5.403782027932955145e+01
5.516163482876788038e+01
5.627183907021345988e+01
5.736815907738206732e+01
5.845032434971653146e+01
5.951806787912866525e+01
6.057112621587960177e+01
6.160923953358197735e+01
6.263215169330828758e+01
6.363961030678927955e+01
6.463136679868699730e+01
6.560717646792703306e+01
6.656679854807487118e+01
6.750999626674135357e+01
6.843653690400277867e+01
6.934619184982103945e+01
7.023873666044967479e+01
7.111395111381213496e+01
7.197161926383813579e+01
7.281152949374525463e+01
7.363347456825211168e+01
7.443725168471056008e+01
7.522266252314432222e+01
7.598951329518135367e+01
7.673761479186829604e+01
7.746678243035492528e+01
7.817683629943721257e+01
7.886760120394772855e+01
7.953890670798240592e+01
8.019058717695310179e+01
8.082248181845541524e+01
8.143443472194175570e+01
8.202629489719006983e+01
8.259791631155830771e+01
8.314915792601580335e+01
8.367988372994261681e+01
8.418996277468805545e+01
8.467926920588028850e+01
8.514768229447908254e+01
8.559508646656381359e+01
8.602137133184970708e+01
8.642643171092485943e+01
8.681016766120183092e+01
8.717248450157680395e+01
8.751329283579089235e+01
8.783250857448726379e+01
8.813005295595891653e+01
8.840585256558198068e+01
8.865983935392965520e+01
8.889195065356240377e+01
8.910212919449017477e+01
8.929032311830299307e+01
8.945648599096617204e+01
8.960057681427720411e+01
8.972256003598151608e+01
8.982240555854444608e+01
8.990008874657729621e+01
8.995559043291584089e+01
8.998889692334945778e+01
9.000000000000000000e+01
8.998889692334945778e+01
8.995559043291584089e+01
8.990008874657729621e+01
8.982240555854444608e+01
8.972256003598151608e+01
8.960057681427720411e+01
8.945648599096617204e+01
8.929032311830300728e+01
8.910212919449018898e+01
8.889195065356240377e+01
8.865983935392964099e+01
8.840585256558198068e+01
8.813005295595893074e+01
8.783250857448726379e+01
8.751329283579089235e+01
8.717248450157680395e+01
8.681016766120183092e+01
8.642643171092487364e+01
8.602137133184972129e+01
8.559508646656382780e+01
8.514768229447908254e+01
8.467926920588028850e+01
8.418996277468806966e+01
8.367988372994263102e+01
8.314915792601581757e+01
8.259791631155830771e+01
8.202629489719006983e+01
8.143443472194175570e+01
8.082248181845541524e+01
8.019058717695311600e+01
7.953890670798240592e+01
7.886760120394771434e+01
7.817683629943721257e+01
7.746678243035492528e+01
7.673761479186831025e+01
7.598951329518135367e+01
7.522266252314430801e+01
7.443725168471056008e+01
7.363347456825211168e+01
7.281152949374526884e+01
7.197161926383815000e+01
7.111395111381212075e+01
7.023873666044967479e+01
6.934619184982103945e+01
6.843653690400277867e+01
6.750999626674136778e+01
6.656679854807485697e+01
6.560717646792703306e+01
6.463136679868699730e+01
6.363961030678927955e+01
6.263215169330829468e+01
6.160923953358199867e+01
6.057112621587960177e+01
5.951806787912866525e+01
5.845032434971653856e+01
5.736815907738208864e+01
5.627183907021348830e+01
5.516163482876787327e+01
5.403782027932955856e+01
5.290067270632259522e+01
5.175047268389508304e+01
5.058750400669177338e+01
4.941205361983188027e+01
4.822441154810972819e+01
4.702487082443543898e+01
4.581372741753339994e+01
4.459128015891666053e+01
4.335783066915436734e+01
4.211368328345160705e+01
4.085914497655921451e+01
3.959452528703237562e+01
3.832013624085655579e+01
3.703629227445981797e+01
3.574331015713029558e+01
3.444150891285812577e+01
3.313120974162103494e+01
3.181273594013312689e+01
3.048641282207621828e+01
2.915256763783344951e+01
2.781152949374527594e+01
2.646362927090737571e+01
2.510919954353066075e+01
2.374857449688359168e+01
2.238208984483697250e+01
2.101008274703149681e+01
1.963289172568884666e+01
1.825085658208610795e+01
1.686431831271521276e+01
1.547361902514686172e+01
1.407910185362078792e+01
1.268111087438245832e+01
1.127999102078740812e+01
9.876087998194108764e+00
8.469748198666291472e+00
7.061318615506055885e+00
5.651146757638222162e+00
4.239580563867866303e+00
2.826968317031541389e+00
1.413658558063863868e+00
1.102182119232617911e-14
1.000000000000000000e+01
1.000000000000000000e+01
1.000000000000000000e+01
1.000000000000000000e+01
1.000000000000000000e+01
1.000000000000000000e+01
1.000000000000000000e+01
1.000000000000000000e+01
1.000000000000000000e+01
1.000000000000000000e+01
1.000000000000000000e+01
1.000000000000000000e+01
1.000000000000000000e+01
1.000000000000000000e+01
1.000000000000000000e+01
1.000000000000000000e+01
1.000000000000000000e+01
1.000000000000000000e+01
1.000000000000000000e+01
1.000000000000000000e+01
1.000000000000000000e+01
1.000000000000000000e+01
1.000000000000000000e+01
1.000000000000000000e+01
1.000000000000000000e+01
1.000000000000000000e+01
1.000000000000000000e+01
1.000000000000000000e+01
1.000000000000000000e+01
1.000000000000000000e+01
1.000000000000000000e+01
1.000000000000000000e+01
1.000000000000000000e+01
1.000000000000000000e+01
1.000000000000000000e+01
1.000000000000000000e+01
1.000000000000000000e+01
1.000000000000000000e+01
1.000000000000000000e+01
1.000000000000000000e+01
1.000000000000000000e+01
1.000000000000000000e+01
1.000000000000000000e+01
1.000000000000000000e+01
1.000000000000000000e+01
1.000000000000000000e+01
1.000000000000000000e+01
1.000000000000000000e+01
1.000000000000000000e+01
1.000000000000000000e+01
1.000000000000000000e+01
1.000000000000000000e+01
1.000000000000000000e+01
1.000000000000000000e+01
1.000000000000000000e+01
1.000000000000000000e+01
1.000000000000000000e+01
1.000000000000000000e+01
1.000000000000000000e+01
1.000000000000000000e+01
1.000000000000000000e+01
1.000000000000000000e+01
1.000000000000000000e+01
1.000000000000000000e+01
1.000000000000000000e+01
1.000000000000000000e+01
1.000000000000000000e+01
1.000000000000000000e+01
1.000000000000000000e+01
1.000000000000000000e+01
1.000000000000000000e+01
1.000000000000000000e+01
1.000000000000000000e+01
1.000000000000000000e+01
1.000000000000000000e+01
1.000000000000000000e+01
1.000000000000000000e+01
1.000000000000000000e+01
1.000000000000000000e+01
1.000000000000000000e+01
1.000000000000000000e+01
1.000000000000000000e+01
1.000000000000000000e+01
1.000000000000000000e+01
1.000000000000000000e+01
1.000000000000000000e+01
1.000000000000000000e+01
1.000000000000000000e+01
1.000000000000000000e+01
1.000000000000000000e+01
1.000000000000000000e+01
1.000000000000000000e+01
1.000000000000000000e+01
1.000000000000000000e+01
1.000000000000000000e+01
1.000000000000000000e+01
1.000000000000000000e+01
1.000000000000000000e+01
1.000000000000000000e+01
1.000000000000000000e+01
