5.93999999999999
6.41000000000003
6.88000000000001
7.34999999999999
7.82000000000002
8.29000000000000
8.75999999999999
9.23000000000002
9.69000000000003
10.1600000000000
10.6200000000000
11.0800000000000
11.5400000000000
12.0000000000000
12.4600000000000
12.9200000000000
13.3700000000000
13.8200000000000
14.2700000000000
14.7200000000000
15.1600000000000
15.6000000000000
16.0400000000000
16.4800000000000
16.9100000000000
17.3500000000000
17.7700000000000
18.2000000000000
18.6200000000000
19.0400000000000
19.4500000000000
19.8600000000000
20.2700000000000
20.6700000000000
21.0700000000000
21.4700000000000
21.8600000000000
22.2500000000000
22.6300000000000
23.0100000000000
23.3900000000000
23.7600000000000
24.1200000000000
24.4800000000000
24.8400000000000
25.1900000000000
25.5400000000000
25.8800000000000
26.2100000000000
26.5400000000000
26.8700000000000
27.1900000000000
27.5000000000000
27.8100000000000
28.1200000000000
28.4100000000000
28.7000000000000
28.9900000000000
29.2700000000000
29.5400000000000
29.8100000000000
30.0700000000000
30.3300000000000
30.5800000000000
30.8200000000000
31.0600000000000
31.2900000000000
31.5100000000000
31.7300000000000
31.9400000000000
32.1400000000000
32.3400000000000
32.5300000000000
32.7200000000000
32.8900000000000
33.0600000000000
33.2300000000000
33.3800000000000
33.5300000000000
33.6700000000000
33.8100000000000
33.9400000000000
34.0600000000000
34.1700000000000
34.2800000000000
34.3800000000000
34.4700000000000
34.5500000000000
34.6300000000000
34.7000000000000
34.7600000000000
34.8200000000000
34.8700000000000
34.9100000000000
34.9400000000000
34.9700000000000
34.9900000000000
35.0000000000000
35.0000000000000
35.0000000000000
34.9900000000000
34.9700000000000
34.9400000000000
34.9100000000000
34.8700000000000
34.8200000000000
34.7600000000000
34.7000000000000
34.6300000000000
34.5500000000000
34.4700000000000
34.3800000000000
34.2800000000000
34.1700000000000
34.0600000000000
33.9400000000000
33.8100000000000
33.6700000000000
33.5300000000000
33.3800000000000
33.2300000000000
33.0600000000000
32.8900000000000
32.7200000000000
32.5300000000000
32.3400000000000
32.1400000000000
31.9400000000000
31.7300000000000
31.5100000000000
31.2900000000000
31.0600000000000
30.8200000000000
30.5800000000000
30.3300000000000
30.0700000000000
29.8100000000000
29.5400000000000
29.2700000000000
28.9900000000000
28.7000000000000
28.4100000000000
28.1200000000000
27.8100000000000
27.5000000000000
27.1900000000000
26.8700000000000
26.5400000000000
26.2100000000000
25.8800000000000
25.5400000000000
25.1900000000000
24.8400000000000
24.4800000000000
24.1200000000000
23.7600000000000
23.3900000000000
23.0100000000000
22.6300000000000
22.2500000000000
21.8600000000000
21.4700000000000
21.0700000000000
20.6700000000000
20.2700000000000
19.8600000000000
19.4500000000000
19.0400000000000
18.6200000000000
18.2000000000000
17.7700000000000
17.3500000000000
16.9100000000000
16.4800000000000
16.0400000000000
15.6000000000000
15.1600000000000
14.7200000000000
14.2700000000000
13.8200000000000
13.3700000000000
12.9200000000000
12.4600000000000
12.0000000000000
11.5400000000000
11.0800000000000
10.6200000000000
10.1600000000000
9.69000000000003
9.23000000000002
8.75999999999999
8.29000000000000
7.82000000000002
7.34999999999999
6.88000000000001
6.41000000000003
5.93999999999999
5.47000000000000
5.00000000000000
0
0
0
0
0
0
0
0
0
0
5.60000000000000
6.19000000000000
6.79000000000000
7.39000000000001
7.98000000000003
8.57999999999997
9.17000000000000
9.76000000000003
10.3500000000000
10.9400000000000
11.5300000000000
12.1200000000000
12.7100000000000
13.2900000000000
13.8700000000000
14.4500000000000
15.0300000000000
15.6000000000000
16.1700000000000
16.7400000000000
17.3100000000000
17.8700000000000
18.4300000000000
18.9900000000000
19.5400000000000
20.0900000000000
20.6400000000000
21.1800000000000
21.7200000000000
22.2500000000000
22.7800000000000
23.3100000000000
23.8300000000000
24.3400000000000
24.8500000000000
25.3600000000000
25.8600000000000
26.3600000000000
26.8500000000000
27.3400000000000
27.8200000000000
28.2900000000000
28.7600000000000
29.2200000000000
29.6800000000000
30.1300000000000
30.5700000000000
31.0100000000000
31.4400000000000
31.8700000000000
32.2900000000000
32.7000000000000
33.1100000000000
33.5000000000000
33.9000000000000
34.2800000000000
34.6600000000000
35.0300000000000
35.3900000000000
35.7400000000000
36.0900000000000
36.4300000000000
36.7600000000000
37.0800000000000
37.4000000000000
37.7100000000000
38.0100000000000
38.3000000000000
38.5800000000000
38.8600000000000
39.1300000000000
39.3800000000000
39.6300000000000
39.8700000000000
40.1100000000000
40.3300000000000
40.5500000000000
40.7500000000000
40.9500000000000
41.1400000000000
41.3200000000000
41.4900000000000
41.6500000000000
41.8100000000000
41.9500000000000
42.0800000000000
42.2100000000000
42.3300000000000
42.4300000000000
42.5300000000000
42.6200000000000
42.7000000000000
42.7700000000000
42.8300000000000
42.8800000000000
42.9300000000000
42.9600000000000
42.9800000000000
43.0000000000000
43.0000000000000
43.0000000000000
42.9800000000000
42.9600000000000
42.9300000000000
42.8800000000000
42.8300000000000
42.7700000000000
42.7000000000000
42.6200000000000
42.5300000000000
42.4300000000000
42.3300000000000
42.2100000000000
42.0800000000000
41.9500000000000
41.8100000000000
41.6500000000000
41.4900000000000
41.3200000000000
41.1400000000000
40.9500000000000
40.7500000000000
40.5500000000000
40.3300000000000
40.1100000000000
39.8700000000000
39.6300000000000
39.3800000000000
39.1300000000000
38.8600000000000
38.5800000000000
38.3000000000000
38.0100000000000
37.7100000000000
37.4000000000000
37.0800000000000
36.7600000000000
36.4300000000000
36.0900000000000
35.7400000000000
35.3900000000000
35.0300000000000
34.6600000000000
34.2800000000000
33.9000000000000
33.5000000000000
33.1100000000000
32.7000000000000
32.2900000000000
31.8700000000000
31.4400000000000
31.0100000000000
30.5700000000000
30.1300000000000
29.6800000000000
29.2200000000000
28.7600000000000
28.2900000000000
27.8200000000000
27.3400000000000
26.8500000000000
26.3600000000000
25.8600000000000
25.3600000000000
24.8500000000000
24.3400000000000
23.8300000000000
23.3100000000000
22.7800000000000
22.2500000000000
21.7200000000000
21.1800000000000
20.6400000000000
20.0900000000000
19.5400000000000
18.9900000000000
18.4300000000000
17.8700000000000
17.3100000000000
16.7400000000000
16.1700000000000
15.6000000000000
15.0300000000000
14.4500000000000
13.8700000000000
13.2900000000000
12.7100000000000
12.1200000000000
11.5300000000000
10.9400000000000
10.3500000000000
9.76000000000003
9.17000000000000
8.57999999999997
7.98000000000003
7.39000000000001
6.79000000000000
6.19000000000000
5.60000000000000
5.00000000000000
0
0
0
0
0
0
0
0
0
0
6.02000000000002
7.04000000000001
8.06000000000000
9.08000000000000
10.1000000000000
11.1200000000000
12.1300000000000
13.1500000000000
14.1600000000000
15.1700000000000
16.1800000000000
17.1800000000000
18.1800000000000
19.1800000000000
20.1700000000000
21.1600000000000
22.1500000000000
23.1300000000000
24.1100000000000
25.0900000000000
26.0500000000000
27.0200000000000
27.9800000000000
28.9300000000000
29.8700000000000
30.8100000000000
31.7500000000000
32.6800000000000
33.6000000000000
34.5100000000000
35.4200000000000
36.3100000000000
37.2000000000000
38.0900000000000
38.9600000000000
39.8300000000000
40.6900000000000
41.5400000000000
42.3800000000000
43.2100000000000
44.0300000000000
44.8400000000000
45.6400000000000
46.4300000000000
47.2100000000000
47.9900000000000
48.7500000000000
49.5000000000000
50.2300000000000
50.9600000000000
51.6800000000000
52.3800000000000
53.0800000000000
53.7600000000000
54.4300000000000
55.0800000000000
55.7300000000000
56.3600000000000
56.9800000000000
57.5899999999997
58.1800000000000
58.7600000000001
59.3300000000002
59.8799999999997
60.4199999999998
60.9499999999998
61.4599999999997
61.9600000000002
62.4400000000000
62.9199999999999
63.3700000000002
63.8099999999999
64.2400000000001
64.6499999999998
65.0499999999999
65.4400000000001
65.8000000000001
66.1600000000001
66.5000000000000
66.8200000000000
67.1299999999998
67.4200000000002
67.6999999999999
67.9600000000002
68.1999999999999
68.4300000000000
68.6500000000002
68.8500000000002
69.0300000000003
69.2000000000002
69.3500000000001
69.4900000000000
69.6099999999998
69.7100000000002
69.7999999999999
69.8700000000001
69.9299999999997
69.9699999999999
69.9899999999999
70.0000000000000
69.9899999999999
69.9699999999999
69.9299999999997
69.8700000000001
69.7999999999999
69.7100000000002
69.6099999999998
69.4900000000000
69.3500000000001
69.2000000000002
69.0300000000003
68.8500000000002
68.6500000000002
68.4300000000000
68.1999999999999
67.9600000000002
67.6999999999999
67.4200000000002
67.1299999999998
66.8200000000000
66.5000000000000
66.1600000000001
65.8000000000001
65.4400000000001
65.0499999999999
64.6499999999998
64.2400000000001
63.8099999999999
63.3700000000002
62.9199999999999
62.4400000000000
61.9600000000002
61.4599999999997
60.9499999999998
60.4199999999998
59.8799999999997
59.3300000000002
58.7600000000001
58.1800000000000
57.5899999999997
56.9800000000000
56.3600000000000
55.7300000000000
55.0800000000000
54.4300000000000
53.7600000000000
53.0800000000000
52.3800000000000
51.6800000000000
50.9600000000000
50.2300000000000
49.5000000000000
48.7500000000000
47.9900000000000
47.2100000000000
46.4300000000000
45.6400000000000
44.8400000000000
44.0300000000000
43.2100000000000
42.3800000000000
41.5400000000000
40.6900000000000
39.8300000000000
38.9600000000000
38.0900000000000
37.2000000000000
36.3100000000000
35.4200000000000
34.5100000000000
33.6000000000000
32.6800000000000
31.7500000000000
30.8100000000000
29.8700000000000
28.9300000000000
27.9800000000000
27.0200000000000
26.0500000000000
25.0900000000000
24.1100000000000
23.1300000000000
22.1500000000000
21.1600000000000
20.1700000000000
19.1800000000000
18.1800000000000
17.1800000000000
16.1800000000000
15.1700000000000
14.1600000000000
13.1500000000000
12.1300000000000
11.1200000000000
10.1000000000000
9.08000000000000
8.06000000000000
7.04000000000001
6.02000000000002
5.00000000000000
0
0
0
0
0
0
0
0
0
5.63000000000000
6.26000000000000
6.88000000000001
7.50999999999999
8.13999999999998
8.75999999999999
9.39000000000003
10.0100000000000
10.6400000000000
11.2600000000000
11.8800000000000
12.5000000000000
13.1100000000000
13.7300000000000
14.3400000000000
14.9500000000000
15.5500000000000
16.1600000000000
16.7600000000000
17.3600000000000
17.9600000000000
18.5500000000000
19.1400000000000
19.7200000000000
20.3100000000000
20.8900000000000
21.4600000000000
22.0300000000000
22.6000000000000
23.1600000000000
23.7200000000000
24.2700000000000
24.8200000000000
25.3600000000000
25.9000000000000
26.4300000000000
26.9600000000000
27.4800000000000
28.0000000000000
28.5100000000000
29.0200000000000
29.5200000000000
30.0100000000000
30.5000000000000
30.9800000000000
31.4500000000000
31.9200000000000
32.3800000000000
32.8400000000000
33.2800000000000
33.7300000000000
34.1600000000000
34.5900000000000
35.0000000000000
35.4200000000000
35.8200000000000
36.2200000000000
36.6100000000000
36.9900000000000
37.3600000000000
37.7300000000000
38.0800000000000
38.4300000000000
38.7700000000000
39.1100000000000
39.4300000000000
39.7500000000000
40.0500000000000
40.3500000000000
40.6400000000000
40.9200000000000
41.1900000000000
41.4600000000000
41.7100000000000
41.9600000000000
42.1900000000000
42.4200000000000
42.6400000000000
42.8400000000000
43.0400000000000
43.2300000000000
43.4100000000000
43.5800000000000
43.7400000000000
43.8900000000000
44.0400000000000
44.1700000000000
44.2900000000000
44.4000000000000
44.5100000000000
44.6000000000000
44.6800000000000
44.7600000000000
44.8200000000000
44.8800000000000
44.9200000000000
44.9600000000000
44.9800000000000
45.0000000000000
45.0000000000000
45.0000000000000
44.9800000000000
44.9600000000000
44.9200000000000
44.8800000000000
44.8200000000000
44.7600000000000
44.6800000000000
44.6000000000000
44.5100000000000
44.4000000000000
44.2900000000000
44.1700000000000
44.0400000000000
43.8900000000000
43.7400000000000
43.5800000000000
43.4100000000000
43.2300000000000
43.0400000000000
42.8400000000000
42.6400000000000
42.4200000000000
42.1900000000000
41.9600000000000
41.7100000000000
41.4600000000000
41.1900000000000
40.9200000000000
40.6400000000000
40.3500000000000
40.0500000000000
39.7500000000000
39.4300000000000
39.1100000000000
38.7700000000000
38.4300000000000
38.0800000000000
37.7300000000000
37.3600000000000
36.9900000000000
36.6100000000000
36.2200000000000
35.8200000000000
35.4200000000000
35.0000000000000
34.5900000000000
34.1600000000000
33.7300000000000
33.2800000000000
32.8400000000000
32.3800000000000
31.9200000000000
31.4500000000000
30.9800000000000
30.5000000000000
30.0100000000000
29.5200000000000
29.0200000000000
28.5100000000000
28.0000000000000
27.4800000000000
26.9600000000000
26.4300000000000
25.9000000000000
25.3600000000000
24.8200000000000
24.2700000000000
23.7200000000000
23.1600000000000
22.6000000000000
22.0300000000000
21.4600000000000
20.8900000000000
20.3100000000000
19.7200000000000
19.1400000000000
18.5500000000000
17.9600000000000
17.3600000000000
16.7600000000000
16.1600000000000
15.5500000000000
14.9500000000000
14.3400000000000
13.7300000000000
13.1100000000000
12.5000000000000
11.8800000000000
11.2600000000000
10.6400000000000
10.0100000000000
9.39000000000003
8.75999999999999
8.13999999999998
7.50999999999999
6.88000000000001
6.26000000000000
5.63000000000000
5.00000000000000
0
0
0
0
0
0
0
0
0
0
0
5.35000000000000
5.69000000000000
6.04000000000003
6.37999999999999
6.72999999999998
7.07000000000000
7.41000000000001
7.76000000000000
8.10000000000002
8.43999999999998
8.77999999999999
9.12000000000001
9.46000000000002
9.79999999999999
10.1400000000000
10.4700000000000
10.8100000000000
11.1400000000000
11.4700000000000
11.8000000000000
12.1300000000000
12.4500000000000
12.7800000000000
13.1000000000000
13.4200000000000
13.7400000000000
14.0500000000000
14.3700000000000
14.6800000000000
14.9900000000000
15.2900000000000
15.6000000000000
15.9000000000000
16.2000000000000
16.4900000000000
16.7900000000000
17.0800000000000
17.3700000000000
17.6500000000000
17.9300000000000
18.2100000000000
18.4800000000000
18.7600000000000
19.0200000000000
19.2900000000000
19.5500000000000
19.8100000000000
20.0600000000000
20.3100000000000
20.5600000000000
20.8000000000000
21.0400000000000
21.2700000000000
21.5000000000000
21.7300000000000
21.9500000000000
22.1700000000000
22.3800000000000
22.5900000000000
22.8000000000000
23.0000000000000
23.2000000000000
23.3900000000000
23.5800000000000
23.7600000000000
23.9400000000000
24.1100000000000
24.2800000000000
24.4400000000000
24.6000000000000
24.7600000000000
24.9100000000000
25.0500000000000
25.1900000000000
25.3300000000000
25.4600000000000
25.5800000000000
25.7000000000000
25.8100000000000
25.9200000000000
26.0300000000000
26.1300000000000
26.2200000000000
26.3100000000000
26.3900000000000
26.4700000000000
26.5400000000000
26.6100000000000
26.6700000000000
26.7300000000000
26.7800000000000
26.8300000000000
26.8700000000000
26.9000000000000
26.9300000000000
26.9600000000000
26.9800000000000
26.9900000000000
27.0000000000000
27.0000000000000
27.0000000000000
26.9900000000000
26.9800000000000
26.9600000000000
26.9300000000000
26.9000000000000
26.8700000000000
26.8300000000000
26.7800000000000
26.7300000000000
26.6700000000000
26.6100000000000
26.5400000000000
26.4700000000000
26.3900000000000
26.3100000000000
26.2200000000000
26.1300000000000
26.0300000000000
25.9200000000000
25.8100000000000
25.7000000000000
25.5800000000000
25.4600000000000
25.3300000000000
25.1900000000000
25.0500000000000
24.9100000000000
24.7600000000000
24.6000000000000
24.4400000000000
24.2800000000000
24.1100000000000
23.9400000000000
23.7600000000000
23.5800000000000
23.3900000000000
23.2000000000000
23.0000000000000
22.8000000000000
22.5900000000000
22.3800000000000
22.1700000000000
21.9500000000000
21.7300000000000
21.5000000000000
21.2700000000000
21.0400000000000
20.8000000000000
20.5600000000000
20.3100000000000
20.0600000000000
19.8100000000000
19.5500000000000
19.2900000000000
19.0200000000000
18.7600000000000
18.4800000000000
18.2100000000000
17.9300000000000
17.6500000000000