13.1738200000000
13.1438200000000
13.1148300000000
13.0859600000000
13.0574300000000
13.0296000000000
13.0022700000000
12.9751000000000
12.9481300000000
12.9217800000000
12.8958000000000
12.8701900000000
12.8450600000000
12.8205700000000
12.7964100000000
12.7722700000000
12.7483900000000
12.7249700000000
12.7024600000000
12.6813700000000
12.6623200000000
12.6454700000000
12.6307700000000
12.6177100000000
12.6059800000000
12.5956200000000
12.5869200000000
12.5802900000000
12.5763700000000
12.5753800000000
12.5775100000000
12.5824600000000
12.5899200000000
12.5997600000000
12.6112700000000
12.6235700000000
12.6361200000000
12.6487400000000
12.6611700000000
12.6739900000000
12.6874800000000
12.7018700000000
12.7168600000000
12.7320600000000
12.7469100000000
12.7610300000000
12.7745500000000
12.7878200000000
12.8013200000000
12.8155000000000
12.8309300000000
12.8475600000000
12.8656300000000
12.8852700000000
12.9064800000000
12.9290900000000
12.9530700000000
12.9780100000000
13.0033700000000
13.0281800000000
13.0520000000000
13.0746500000000
13.0960600000000
13.1166800000000
13.1373000000000
13.1583900000000
13.1802800000000
13.2033200000000
13.2273600000000
13.2519000000000
13.2767000000000
13.3015600000000
13.3262200000000
13.3505900000000
13.3754600000000
13.4014000000000
13.4285200000000
13.4565800000000
13.4853100000000
13.5139300000000
13.5417300000000
13.5684100000000
13.5941800000000
13.6195300000000
13.6447800000000
13.6696700000000
13.6940500000000
13.7174300000000
13.7392500000000
13.7594400000000
13.7784500000000
13.7966500000000
13.8147300000000
13.8328200000000
13.8506500000000
13.8676800000000
13.8834400000000
13.8974400000000
13.9097800000000
13.9206200000000
13.9304100000000
13.9392300000000
13.9470300000000
13.9537300000000
13.9594600000000
13.9642000000000
13.9684000000000
13.9731500000000
13.9789000000000
13.9855200000000
13.9932000000000
14.0017100000000
14.0100000000000
14.0173500000000
14.0237500000000
14.0289800000000
14.0328100000000
14.0350100000000
14.0357400000000
14.0350900000000
14.0334000000000
14.0317600000000
14.0305600000000
14.0298000000000
14.0296300000000
14.0296800000000
14.0292300000000
14.0284400000000
14.0274800000000
14.0261100000000
14.0244200000000
14.0219000000000
14.0182200000000
14.0130700000000
14.0063700000000
13.9983300000000
13.9891400000000
13.9785600000000
13.9665800000000
13.9533700000000
13.9384700000000
13.9216700000000
13.9027300000000
13.8813900000000
13.8572800000000
13.8305400000000
13.8016000000000
13.7711400000000
13.7396100000000
13.7074800000000
13.6746900000000
13.6408900000000
13.6058800000000
13.5697300000000
13.5326000000000
13.4952200000000
13.4580200000000
13.4214600000000
13.3854700000000
13.3498800000000
13.3140400000000
13.2773500000000
13.2395000000000
13.2002700000000
13.1595300000000
13.1174600000000
13.0744900000000
13.0306500000000
12.9865200000000
12.9418800000000
12.8967500000000
12.8517500000000
12.8070500000000
12.7624600000000
12.7186000000000
12.6758900000000
12.6338300000000
12.5923800000000
12.5514700000000
12.5107700000000
12.4701000000000
12.4296400000000
12.3896300000000
12.3502400000000
12.3120500000000
12.2759000000000
12.2424000000000
12.2122300000000
12.1860900000000
12.1642000000000
12.1461300000000
12.1316200000000
12.1202700000000
12.1116600000000
12.1051400000000
12.0999200000000
12.0952600000000
12.0907800000000
12.0859700000000
12.0804700000000
12.0742000000000
12.0671600000000
12.0591300000000
12.0505800000000
12.0419900000000
12.0340100000000
12.0269400000000
12.0208300000000
12.0153600000000
12.0106400000000
12.0064200000000
12.0026000000000
11.9994700000000
11.9976600000000
11.9973100000000
11.9988000000000
12.0027700000000
12.0099000000000
12.0204700000000
12.0349400000000
12.0534900000000
12.0761600000000
12.1025300000000
12.1320400000000
12.1637500000000
12.1970900000000
12.2311900000000
12.2655100000000
12.2996600000000
12.3337300000000
12.3677600000000
12.4022200000000
12.4373700000000
12.4731500000000
12.5093100000000
12.5454800000000
12.5808600000000
12.6150800000000
12.6480400000000
12.6800800000000
12.7112500000000
12.7414400000000
12.7702500000000
12.7974600000000
12.8228700000000
12.8465000000000
12.8688900000000
12.8906800000000
12.9127400000000
12.9356500000000
12.9599300000000
12.9861200000000
13.0141800000000
13.0438300000000
13.0746600000000
13.1064700000000
13.1387200000000
13.1711500000000
13.2037600000000
13.2367200000000
13.2699500000000
13.3033900000000
13.3365600000000
13.3684400000000
13.3981400000000
13.4250800000000
13.4491800000000
13.4708900000000
13.4907600000000
13.5089300000000
13.5253500000000
13.5396400000000
13.5515000000000
13.5611900000000
13.5691700000000
13.5757200000000
13.5812300000000
13.5863400000000
13.5908700000000
13.5944400000000
13.5970100000000
13.5986900000000
13.5991600000000
13.5986800000000
13.5978700000000
13.5974400000000
13.5974400000000
13.5979800000000
13.5987600000000
13.5996400000000
13.6001900000000
13.6003700000000
13.5999500000000
13.5992700000000
13.5984500000000
13.5975000000000
13.5967000000000
13.5962600000000
13.5966300000000
13.5976700000000
13.5993000000000
13.6014000000000
13.6042400000000
13.6076900000000
13.6121100000000
13.6175200000000
13.6233400000000
13.6288600000000
13.6333900000000
13.6364000000000
13.6379600000000
13.6383400000000
13.6378000000000
13.6366200000000
13.6349600000000
13.6326700000000
13.6297800000000
13.6262500000000
13.6217400000000
13.6160100000000
13.6089400000000
13.6000300000000
13.5893600000000
13.5772100000000
13.5635700000000
13.5483800000000
13.5322800000000
13.5154200000000
13.4981800000000
13.4807300000000
13.4638000000000
13.4479100000000
13.4335300000000
13.4205200000000
13.4091200000000
13.3995200000000
13.3912700000000
13.3839400000000
13.3774000000000
13.3714100000000
13.3652500000000
13.3586100000000
13.3515900000000
13.3443400000000
13.3371300000000
13.3297600000000
13.3224900000000
13.3153100000000
13.3080900000000
13.3008100000000
13.2938900000000
13.2872300000000
13.2809800000000
13.2756100000000
13.2713200000000
13.2684900000000
13.2673800000000
13.2679900000000
13.2699900000000
13.2729400000000
13.2765500000000
13.2804700000000
13.2842200000000
13.2876200000000
13.2905700000000
13.2933000000000
13.2961100000000
13.2991200000000
13.3025700000000
13.3066800000000
13.3114200000000
13.3170100000000
13.3237300000000
13.3318500000000
13.3415700000000
13.3527400000000
13.3655900000000
13.3804900000000
13.3977200000000
13.4172600000000
13.4395700000000
13.4646200000000
13.4922200000000
13.5216500000000
13.5528300000000
13.5851700000000
13.6188800000000
13.6543100000000
13.6919000000000
13.7314000000000
13.7728200000000
13.8154900000000
13.8586400000000
13.9014400000000
13.9437400000000
13.9849100000000
14.0246100000000
14.0626100000000
14.0987500000000
14.1327100000000
14.1646900000000
14.1943600000000
14.2215200000000
14.2461500000000
14.2679700000000
14.2864700000000
14.3017200000000
14.3137600000000
14.3225300000000
14.3281600000000
14.3303500000000
14.3282500000000
14.3214600000000
14.3097000000000
14.2929800000000
14.2717000000000
14.2464200000000
14.2174700000000
14.1849500000000
14.1488600000000
14.1095300000000
14.0675900000000
14.0235600000000
13.9782400000000
13.9322400000000
13.8859400000000
13.8397100000000
13.7936200000000
13.7477100000000
13.7022500000000
13.6574600000000
13.6130100000000
13.5687600000000
13.5245900000000
13.4799900000000
13.4344100000000
13.3877400000000
13.3394800000000
13.2894400000000
13.2377100000000
13.1847500000000
13.1310500000000
13.0777500000000
13.0257900000000
12.9759200000000
12.9283200000000
12.8828100000000
12.8387700000000
12.7954100000000
12.7519000000000
12.7077900000000
12.6628900000000
12.6171800000000
12.5708700000000
12.5244600000000
12.4784600000000
12.4333200000000
12.3896900000000
12.3476800000000
12.3070600000000
12.2677500000000
12.2299700000000
12.1938100000000
12.1596800000000
12.1280400000000
12.0988700000000
12.0718800000000
12.0464900000000
12.0219200000000
11.9976300000000
11.9734400000000
11.9497300000000
11.9266800000000
11.9046000000000
11.8837100000000
11.8650300000000
11.8511900000000
11.8416400000000
11.8362200000000
11.8351100000000
11.8371300000000
11.8386300000000
11.8393700000000
11.8389300000000
11.8364800000000
11.8314200000000
11.8240200000000
11.8147700000000
11.8042000000000
11.7926900000000
11.7808100000000
11.7690000000000
11.7572100000000
11.7453800000000
11.7337400000000
11.7223900000000
11.7110900000000
11.7002200000000
11.6902600000000
11.6817300000000
11.6753500000000
11.6715600000000
11.6700300000000
11.6728600000000
11.6802000000000
11.6917100000000
11.7076100000000
11.7284600000000
11.7524700000000
11.7793700000000
11.8093700000000
11.8421400000000
11.8773700000000
11.9141900000000
11.9527100000000
11.9928000000000
12.0346300000000
12.0778400000000
12.1226000000000
12.1684300000000
12.2147300000000
12.2606300000000
12.3054000000000
12.3479600000000
12.3874400000000
12.4236000000000
12.4567200000000
12.4873600000000
12.5166300000000
12.5454500000000
12.5746300000000
12.6050900000000
12.6372900000000
12.6711100000000
12.7064300000000
12.7431000000000
12.7803200000000
12.8176200000000
12.8546600000000
12.8913000000000
12.9271100000000
12.9623000000000
12.9968700000000
13.0309900000000
13.0647500000000
13.0985500000000
13.1328200000000
13.1684800000000
13.2063500000000
13.2463800000000
13.2880700000000
13.3303400000000
13.3718000000000
13.4111500000000
13.4479100000000
13.4818900000000
13.5130200000000
13.5413600000000
13.5668500000000
13.5891700000000
13.6083600000000
13.6248900000000
13.6396500000000
13.6535800000000
13.6677100000000
13.6824100000000
13.6980100000000
13.7145400000000
13.7319600000000
13.7500400000000
13.7686000000000
13.7872900000000
13.8058900000000
13.8241500000000
13.8424800000000
13.8615700000000
13.8815700000000
13.9024000000000
13.9239000000000
13.9454600000000
13.9663400000000
13.9860900000000
14.0046500000000
14.0222800000000
14.0390200000000
14.0549000000000
14.0696600000000
14.0827000000000
14.0936400000000
14.1021100000000
14.1080300000000
14.1115500000000
14.1127700000000
14.1114300000000
14.1073300000000
14.1001700000000
14.0899400000000
14.0765300000000
14.0603700000000
14.0422900000000
14.0229100000000
14.0025900000000
13.9820900000000
13.9619200000000
13.9421600000000
13.9227100000000
13.9036000000000
13.8847800000000
13.8658800000000
13.8467700000000
13.8273300000000
13.8074600000000
13.7870400000000
13.7662300000000
13.7446900000000
13.7222500000000
13.6987700000000
13.6742400000000
13.6480000000000
13.6198700000000
13.5897200000000
13.5576200000000
13.5235100000000
13.4875700000000
13.4501800000000
13.4121100000000
13.3736900000000
13.3351800000000
13.2971400000000
13.2596700000000
13.2225400000000
13.1854600000000
13.1479100000000
13.1097000000000
13.0709600000000
13.0320200000000
12.9933300000000
12.9553900000000
12.9182400000000
12.8817000000000
12.8456700000000
12.8099700000000
12.7747400000000
12.7400900000000
12.7063100000000
12.6734500000000
12.6415100000000
12.6105300000000
12.5807400000000
12.5523300000000
12.5251600000000
12.4990500000000
12.4740500000000
12.4502700000000
12.4278300000000
12.4069300000000
12.3880100000000
12.3710300000000
12.3558500000000
12.3421700000000
12.3298600000000
12.3187600000000
12.3084300000000
12.2984800000000
12.2888500000000
12.2795200000000
12.2704000000000
12.2615400000000
12.2530700000000
12.2450100000000
12.2372800000000
12.2298400000000
12.2232100000000
12.2179000000000
12.2140800000000
12.2119000000000
12.2117100000000
12.2136500000000
12.2175100000000
12.2233800000000
12.2313400000000
12.2415100000000
12.2537400000000
12.2684000000000
12.2854900000000
12.3051800000000
12.3273900000000
12.3522100000000
12.3790600000000
12.4078300000000
12.4383200000000
12.4701900000000
12.5029700000000
12.5364300000000
12.5705300000000
12.6052300000000
12.6404600000000
12.6763600000000
12.7128600000000
12.7497600000000
12.7867900000000
12.8237500000000
12.8606100000000
12.8973200000000
12.9340300000000
12.9706600000000
13.0070200000000
13.0428100000000
13.0778700000000
13.1122500000000
13.1461400000000
13.1797600000000
13.2135500000000
13.2482800000000
13.2838800000000
13.3200000000000
13.3568200000000
13.3943900000000
13.4322500000000
13.4697600000000
13.5067700000000
13.5429900000000
13.5778000000000
13.6107700000000
13.6420200000000
13.6714100000000
13.6986900000000
13.7237600000000
13.7467700000000
13.7677300000000
13.7871100000000
13.8052700000000
13.8224300000000
13.8385300000000
13.8535100000000
13.8667600000000
13.8777200000000
13.8858800000000
13.8909400000000
13.8928000000000
13.8915400000000
13.8873200000000
13.8805200000000
13.8713800000000
13.8600500000000
13.8467000000000
13.8317200000000
13.8152200000000
13.7976200000000
13.7791400000000
13.7598000000000
13.7395000000000
13.7180700000000
13.6951400000000
13.6705400000000
13.6447600000000
13.6176900000000
13.5892200000000
13.5592400000000
13.5277300000000
13.4944800000000
13.4596300000000
13.4238300000000
13.3877300000000
13.3519600000000
13.3168200000000
13.2825700000000
13.2487300000000
13.2149800000000
13.1807900000000
13.1456300000000
13.1091600000000
13.0719900000000
13.0346500000000
12.9973700000000
12.9605400000000
12.9246500000000
12.8896900000000
12.8560400000000
12.8243200000000
12.7949500000000
12.7680400000000
12.7439000000000
12.7221700000000
12.7025300000000
12.6847900000000
12.6687800000000
12.6544300000000
12.6413500000000
12.6291600000000
12.6174100000000
12.6055800000000
12.5929500000000
12.5791500000000
12.5641100000000
12.5476300000000
12.5297800000000
12.5107900000000
12.4908800000000
12.4703600000000
12.4498200000000
12.4297400000000
12.4102900000000
12.3917300000000
12.3740100000000
12.3571200000000
12.3412300000000
12.3269300000000
12.3144700000000
12.3041600000000
12.2965200000000
12.2919500000000
12.2905500000000
12.2924000000000
12.2976000000000
12.3055500000000
12.3158300000000
12.3279200000000
12.3413700000000
12.3553200000000
12.3695900000000
12.3838800000000
12.3980300000000
12.4123100000000
12.4271800000000
12.4429800000000
12.4599100000000
12.4784400000000
12.4984600000000
12.5199100000000
12.5425100000000
12.5659200000000
12.5895200000000
12.6128300000000
12.6356700000000
12.6581800000000
12.6804400000000
12.7025900000000
12.7248900000000
12.7472200000000
12.7694600000000
12.7919600000000
12.8149700000000
12.8390300000000
12.8649200000000
12.8928700000000
12.9223700000000
12.9526700000000
12.9832200000000
13.0139000000000
13.0444000000000
13.0744100000000
13.1040800000000
13.1333000000000
13.1616000000000
13.1884600000000
13.2137600000000
13.2375400000000
13.2594300000000
13.2788500000000
13.2956800000000
13.3097200000000
13.3208200000000
13.3289600000000
13.3344400000000
13.3376400000000
13.3391600000000
13.3394700000000
13.3391900000000
13.3384600000000
13.3374500000000
13.3360700000000
13.3341700000000
13.3316600000000
13.3290300000000
13.3263000000000
13.3236700000000
13.3212700000000
13.3190500000000
13.3168500000000
13.3148100000000
13.3128400000000
13.3109200000000
13.3090600000000
13.3070900000000
13.3048300000000
13.3022700000000
13.2995900000000
13.2966600000000
13.2933900000000
13.2895600000000
13.2847500000000
13.2785300000000
13.2709200000000
13.2620900000000
13.2526600000000
13.2432000000000
13.2338900000000
13.2246700000000
13.2154300000000
13.2060100000000
13.1965100000000
13.1871100000000
13.1781100000000
13.1697500000000
13.1623800000000
13.1557900000000
13.1497700000000
13.1444600000000
13.1401000000000
13.1362800000000
13.1330600000000
13.1303900000000
13.1284200000000
13.1269300000000
13.1256100000000
13.1242700000000
13.1231500000000
13.1218400000000
13.1200600000000
13.1185500000000
13.1177500000000
13.1180800000000
13.1198700000000
13.1237100000000
13.1295500000000
13.1374900000000
13.1467900000000
13.1570100000000
13.1676600000000
13.1782600000000
13.1885300000000
13.1987400000000
13.2088500000000
13.2183700000000
13.2269400000000
13.2343100000000
13.2406100000000
13.2462400000000
13.2516400000000
13.2574700000000
13.2640400000000
13.2711100000000
13.2782900000000
13.2856800000000
13.2932500000000
13.3009000000000
13.3083300000000
13.3158300000000
13.3233500000000
13.3309500000000
13.3386100000000
13.3466400000000
13.3550800000000
13.3640000000000
13.3736500000000
13.3846100000000
13.3973000000000
13.4117900000000
13.4283500000000
13.4464800000000
13.4656600000000
13.4853900000000
13.5053400000000
13.5248400000000
13.5435500000000
13.5614800000000
13.5786200000000
13.5953700000000
13.6120400000000
13.6286800000000
13.6445000000000
13.6592400000000
13.6726900000000
13.6849100000000
13.6967200000000
13.7089000000000
13.7219600000000
13.7359000000000
13.7509100000000
13.7666100000000
13.7828800000000
13.7991300000000
13.8150700000000
13.8300400000000
13.8435900000000
13.8553700000000
13.8654800000000
13.8737500000000
13.8801000000000
13.8847400000000
13.8879300000000
13.8899800000000
13.8910100000000
13.8914200000000
13.8915500000000
13.8916500000000
13.8917100000000
13.8919300000000
13.8927000000000